3 -2
1 2
-3 1
2 1

3 2
1 2
-3 1
2 1

1 2
0 2

200 10
235 0
74 6
360 2
985 2
934 3
857 1
8 0
485 6
802 2
448 0
973 6
790 6
40 5
68 8
985 2
18 0
567 0
648 5
385 7
26 3
209 9
545 8
628 9
949 3
520 2
897 2
412 3
355 7
219 3
587 0
431 6
33 8
256 6
850 7
756 1
403 4
509 1
486 4
835 0
549 8
96 5
717 3
127 0
883 0
315 0
652 6
353 4
426 7
215 0
391 8
373 7
721 9
785 4
742 3
695 4
368 2
768 1
572 0
598 7
182 4
109 5
779 4
893 4
980 8
13 9
889 3
294 8
992 0
643 1
282 0
427 4
894 9
435 8
32 7
460 2
467 3
36 3
388 5
350 5
889 2
874 2
868 8
731 0
635 2
349 0
981 9
411 6
21 1
648 1
574 1
503 2
361 4
188 7
810 7
180 9
749 9
679 2
758 9
54 5
474 8
822 0
621 4
178 9
52 6
618 5
582 7
675 8
890 2
313 1
278 2
995 3
565 3
967 2
894 3
789 3
739 3
639 7
889 2
419 5
694 4
209 1
345 3
80 4
488 7
817 3
933 8
561 5
747 3
930 2
519 5
618 0
68 0
32 3
381 7
979 9
59 2
943 7
57 6
979 7
996 3
759 1
823 8
804 5
112 5
418 0
782 4
377 5
504 6
890 0
595 6
862 8
667 4
999 0
822 2
786 6
660 9
858 0
900 2
803 8
883 8
937 2
738 5
63 8
496 4
759 8
938 5
224 3
446 6
210 6
647 8
76 3
132 3
485 2
25 1
795 0
690 7
650 2
347 8
826 2
900 2
840 2
723 9
382 7
726 3
68 7
446 4
575 3
471 3
671 8
963 7
173 1
566 4
376 0
478 0
972 5
978 3
990 7
170 7
805 5
246 1

1000 1
0 1
1 1
2 1
3 1
4 1
5 1
6 1
7 1
8 1
9 1
10 1
11 1
12 1
13 1
14 1
15 1
16 1
17 1
18 1
19 1
20 1
21 1
22 1
23 1
24 1
25 1
26 1
27 1
28 1
29 1
30 1
31 1
32 1
33 1
34 1
35 1
36 1
37 1
38 1
39 1
40 1
41 1
42 1
43 1
44 1
45 1
46 1
47 1
48 1
49 1
50 1
51 1
52 1
53 1
54 1
55 1
56 1
57 1
58 1
59 1
60 1
61 1
62 1
63 1
64 1
65 1
66 1
67 1
68 1
69 1
70 1
71 1
72 1
73 1
74 1
75 1
76 1
77 1
78 1
79 1
80 1
81 1
82 1
83 1
84 1
85 1
86 1
87 1
88 1
89 1
90 1
91 1
92 1
93 1
94 1
95 1
96 1
97 1
98 1
99 1
100 1
101 1
102 1
103 1
104 1
105 1
106 1
107 1
108 1
109 1
110 1
111 1
112 1
113 1
114 1
115 1
116 1
117 1
118 1
119 1
120 1
121 1
122 1
123 1
124 1
125 1
126 1
127 1
128 1
129 1
130 1
131 1
132 1
133 1
134 1
135 1
136 1
137 1
138 1
139 1
140 1
141 1
142 1
143 1
144 1
145 1
146 1
147 1
148 1
149 1
150 1
151 1
152 1
153 1
154 1
155 1
156 1
157 1
158 1
159 1
160 1
161 1
162 1
163 1
164 1
165 1
166 1
167 1
168 1
169 1
170 1
171 1
172 1
173 1
174 1
175 1
176 1
177 1
178 1
179 1
180 1
181 1
182 1
183 1
184 1
185 1
186 1
187 1
188 1
189 1
190 1
191 1
192 1
193 1
194 1
195 1
196 1
197 1
198 1
199 1
200 1
201 1
202 1
203 1
204 1
205 1
206 1
207 1
208 1
209 1
210 1
211 1
212 1
213 1
214 1
215 1
216 1
217 1
218 1
219 1
220 1
221 1
222 1
223 1
224 1
225 1
226 1
227 1
228 1
229 1
230 1
231 1
232 1
233 1
234 1
235 1
236 1
237 1
238 1
239 1
240 1
241 1
242 1
243 1
244 1
245 1
246 1
247 1
248 1
249 1
250 1
251 1
252 1
253 1
254 1
255 1
256 1
257 1
258 1
259 1
260 1
261 1
262 1
263 1
264 1
265 1
266 1
267 1
268 1
269 1
270 1
271 1
272 1
273 1
274 1
275 1
276 1
277 1
278 1
279 1
280 1
281 1
282 1
283 1
284 1
285 1
286 1
287 1
288 1
289 1
290 1
291 1
292 1
293 1
294 1
295 1
296 1
297 1
298 1
299 1
300 1
301 1
302 1
303 1
304 1
305 1
306 1
307 1
308 1
309 1
310 1
311 1
312 1
313 1
314 1
315 1
316 1
317 1
318 1
319 1
320 1
321 1
322 1
323 1
324 1
325 1
326 1
327 1
328 1
329 1
330 1
331 1
332 1
333 1
334 1
335 1
336 1
337 1
338 1
339 1
340 1
341 1
342 1
343 1
344 1
345 1
346 1
347 1
348 1
349 1
350 1
351 1
352 1
353 1
354 1
355 1
356 1
357 1
358 1
359 1
360 1
361 1
362 1
363 1
364 1
365 1
366 1
367 1
368 1
369 1
370 1
371 1
372 1
373 1
374 1
375 1
376 1
377 1
378 1
379 1
380 1
381 1
382 1
383 1
384 1
385 1
386 1
387 1
388 1
389 1
390 1
391 1
392 1
393 1
394 1
395 1
396 1
397 1
398 1
399 1
400 1
401 1
402 1
403 1
404 1
405 1
406 1
407 1
408 1
409 1
410 1
411 1
412 1
413 1
414 1
415 1
416 1
417 1
418 1
419 1
420 1
421 1
422 1
423 1
424 1
425 1
426 1
427 1
428 1
429 1
430 1
431 1
432 1
433 1
434 1
435 1
436 1
437 1
438 1
439 1
440 1
441 1
442 1
443 1
444 1
445 1
446 1
447 1
448 1
449 1
450 1
451 1
452 1
453 1
454 1
455 1
456 1
457 1
458 1
459 1
460 1
461 1
462 1
463 1
464 1
465 1
466 1
467 1
468 1
469 1
470 1
471 1
472 1
473 1
474 1
475 1
476 1
477 1
478 1
479 1
480 1
481 1
482 1
483 1
484 1
485 1
486 1
487 1
488 1
489 1
490 1
491 1
492 1
493 1
494 1
495 1
496 1
497 1
498 1
499 1
500 1
501 1
502 1
503 1
504 1
505 1
506 1
507 1
508 1
509 1
510 1
511 1
512 1
513 1
514 1
515 1
516 1
517 1
518 1
519 1
520 1
521 1
522 1
523 1
524 1
525 1
526 1
527 1
528 1
529 1
530 1
531 1
532 1
533 1
534 1
535 1
536 1
537 1
538 1
539 1
540 1
541 1
542 1
543 1
544 1
545 1
546 1
547 1
548 1
549 1
550 1
551 1
552 1
553 1
554 1
555 1
556 1
557 1
558 1
559 1
560 1
561 1
562 1
563 1
564 1
565 1
566 1
567 1
568 1
569 1
570 1
571 1
572 1
573 1
574 1
575 1
576 1
577 1
578 1
579 1
580 1
581 1
582 1
583 1
584 1
585 1
586 1
587 1
588 1
589 1
590 1
591 1
592 1
593 1
594 1
595 1
596 1
597 1
598 1
599 1
600 1
601 1
602 1
603 1
604 1
605 1
606 1
607 1
608 1
609 1
610 1
611 1
612 1
613 1
614 1
615 1
616 1
617 1
618 1
619 1
620 1
621 1
622 1
623 1
624 1
625 1
626 1
627 1
628 1
629 1
630 1
631 1
632 1
633 1
634 1
635 1
636 1
637 1
638 1
639 1
640 1
641 1
642 1
643 1
644 1
645 1
646 1
647 1
648 1
649 1
650 1
651 1
652 1
653 1
654 1
655 1
656 1
657 1
658 1
659 1
660 1
661 1
662 1
663 1
664 1
665 1
666 1
667 1
668 1
669 1
670 1
671 1
672 1
673 1
674 1
675 1
676 1
677 1
678 1
679 1
680 1
681 1
682 1
683 1
684 1
685 1
686 1
687 1
688 1
689 1
690 1
691 1
692 1
693 1
694 1
695 1
696 1
697 1
698 1
699 1
700 1
701 1
702 1
703 1
704 1
705 1
706 1
707 1
708 1
709 1
710 1
711 1
712 1
713 1
714 1
715 1
716 1
717 1
718 1
719 1
720 1
721 1
722 1
723 1
724 1
725 1
726 1
727 1
728 1
729 1
730 1
731 1
732 1
733 1
734 1
735 1
736 1
737 1
738 1
739 1
740 1
741 1
742 1
743 1
744 1
745 1
746 1
747 1
748 1
749 1
750 1
751 1
752 1
753 1
754 1
755 1
756 1
757 1
758 1
759 1
760 1
761 1
762 1
763 1
764 1
765 1
766 1
767 1
768 1
769 1
770 1
771 1
772 1
773 1
774 1
775 1
776 1
777 1
778 1
779 1
780 1
781 1
782 1
783 1
784 1
785 1
786 1
787 1
788 1
789 1
790 1
791 1
792 1
793 1
794 1
795 1
796 1
797 1
798 1
799 1
800 1
801 1
802 1
803 1
804 1
805 1
806 1
807 1
808 1
809 1
810 1
811 1
812 1
813 1
814 1
815 1
816 1
817 1
818 1
819 1
820 1
821 1
822 1
823 1
824 1
825 1
826 1
827 1
828 1
829 1
830 1
831 1
832 1
833 1
834 1
835 1
836 1
837 1
838 1
839 1
840 1
841 1
842 1
843 1
844 1
845 1
846 1
847 1
848 1
849 1
850 1
851 1
852 1
853 1
854 1
855 1
856 1
857 1
858 1
859 1
860 1
861 1
862 1
863 1
864 1
865 1
866 1
867 1
868 1
869 1
870 1
871 1
872 1
873 1
874 1
875 1
876 1
877 1
878 1
879 1
880 1
881 1
882 1
883 1
884 1
885 1
886 1
887 1
888 1
889 1
890 1
891 1
892 1
893 1
894 1
895 1
896 1
897 1
898 1
899 1
900 1
901 1
902 1
903 1
904 1
905 1
906 1
907 1
908 1
909 1
910 1
911 1
912 1
913 1
914 1
915 1
916 1
917 1
918 1
919 1
920 1
921 1
922 1
923 1
924 1
925 1
926 1
927 1
928 1
929 1
930 1
931 1
932 1
933 1
934 1
935 1
936 1
937 1
938 1
939 1
940 1
941 1
942 1
943 1
944 1
945 1
946 1
947 1
948 1
949 1
950 1
951 1
952 1
953 1
954 1
955 1
956 1
957 1
958 1
959 1
960 1
961 1
962 1
963 1
964 1
965 1
966 1
967 1
968 1
969 1
970 1
971 1
972 1
973 1
974 1
975 1
976 1
977 1
978 1
979 1
980 1
981 1
982 1
983 1
984 1
985 1
986 1
987 1
988 1
989 1
990 1
991 1
992 1
993 1
994 1
995 1
996 1
997 1
998 1
999 1

1000 80
235 0
74 51
360 21
985 20
934 25
857 14
8 2
485 50
802 21
448 7
973 51
790 52
40 45
68 70
985 23
18 5
567 2
648 41
385 57
26 30
209 72
545 68
628 77
949 29
520 18
897 18
412 29
355 59
219 30
587 5
431 53
33 65
256 52
850 59
756 13
403 34
509 11
486 37
835 6
549 70
96 40
717 28
127 0
883 6
315 7
652 50
353 39
426 63
215 1
391 67
373 59
721 76
785 38
742 31
695 36
368 16
768 8
572 0
598 63
182 39
109 42
779 36
893 35
980 64
13 79
889 28
294 65
992 2
643 9
282 4
427 33
894 75
435 65
32 57
460 22
467 26
36 24
388 40
350 41
889 17
874 20
868 68
731 7
635 21
349 4
981 73
411 48
21 15
648 15
574 8
503 21
361 36
188 63
810 60
180 78
749 73
679 22
758 77
54 41
474 65
822 6
621 38
178 73
52 50
618 47
582 62
675 70
890 21
313 14
278 16
995 29
565 25
967 22
894 24
789 27
739 26
639 58
889 20
419 43
694 32
209 11
345 31
80 38
488 58
817 30
933 70
561 42
747 28
930 22
519 44
618 6
68 3
32 29
381 63
979 75
59 20
943 59
57 50
979 59
996 24
759 12
823 69
804 43
112 41
418 7
782 32
377 43
504 53
890 7
595 54
862 69
667 33
999 7
822 17
786 48
660 78
858 0
900 19
803 66
883 64
937 23
738 47
63 64
496 37
759 65
938 42
224 28
446 53
210 53
647 71
76 24
132 24
485 16
25 13
795 3
690 61
650 19
347 70
826 19
900 21
840 17
723 79
382 57
726 24
68 56
446 34
575 27
471 27
671 68
963 61
173 11
566 38
376 6
478 5
972 40
978 29
990 61
170 59
805 43
246 13
718 20
40 51
171 40
142 53
101 64
387 21
486 27
954 42
589 58
904 77
964 41
398 51
724 56
402 38
121 56
152 50
964 10
155 31
903 68
18 34
119 54
874 69
439 15
703 5
420 72
305 36
423 39
235 39
211 4
453 75
114 29
994 46
264 74
426 41
969 60
374 21
720 72
910 67
894 36
65 59
657 8
268 31
123 72
969 65
279 50
259 73
723 76
730 37
736 1
390 75
723 66
895 31
562 53
885 36
868 18
702 60
743 45
283 58
996 44
488 7
409 2
665 16
44 15
722 19
149 45
494 48
676 79
672 40
953 77
96 3
537 69
680 67
778 29
751 31
132 38
84 23
741 48
420 50
330 6
742 31
933 41
90 36
493 35
200 68
861 43
747 76
229 0
473 20
518 26
976 29
773 1
457 74
69 40
182 4
988 71
964 76
170 46
435 40
996 52
382 19
910 76
947 44
432 45
958 63
376 5
170 54
321 62
713 5
846 54
512 30
584 15
971 38
603 21
693 61
165 31
527 77
379 41
713 21
788 61
422 61
421 77
449 28
333 54
363 22
179 67
881 42
838 66
752 4
627 69
937 25
135 54
349 70
204 26
966 42
97 5
556 2
376 17
838 39
521 70
326 54
831 38
663 36
628 73
702 23
296 35
141 19
197 67
972 27
977 23
535 66
314 19
458 78
623 61
266 13
755 67
927 71
224 69
139 13
987 70
621 28
319 66
189 53
798 39
921 23
945 5
154 51
550 27
633 41
200 27
570 44
61 25
896 8
432 6
498 54
105 31
716 73
61 53
871 58
542 39
131 11
15 7
464 43
74 54
990 7
800 38
491 63
621 26
369 2
190 74
834 2
327 32
602 15
544 29
883 50
189 1
941 69
746 49
12 4
308 71
847 54
773 38
680 7
772 13
891 70
886 4
146 24
157 16
297 73
446 9
825 46
656 40
99 78
355 50
252 65
835 67
926 63
125 32
690 55
10 34
411 35
565 68
342 50
251 23
229 29
101 70
206 66
14 55
757 40
716 75
544 35
389 56
356 38
518 10
983 68
984 78
284 0
928 40
233 12
426 39
229 28
500 33
440 52
493 45
473 0
359 9
153 46
865 75
673 23
271 24
926 68
502 76
272 32
334 78
540 3
652 71
536 17
289 21
848 29
478 35
213 45
468 41
251 75
310 23
818 28
360 27
793 3
526 64
544 78
795 1
886 39
56 69
795 66
771 59
656 24
510 70
348 67
887 21
916 20
931 60
140 23
414 37
764 60
177 17
674 52
983 11
805 61
922 6
56 45
906 74
999 66
286 57
656 76
114 23
134 20
89 50
393 21
721 51
925 31
730 16
643 67
224 54
732 10
689 36
777 30
310 58
914 29
661 7
320 49
302 22
795 59
302 40
736 78
226 51
268 30
616 1
837 38
500 55
14 70
954 18
821 58
253 62
348 27
643 34
931 3
263 58
697 42
244 18
737 51
527 2
693 12
424 18
50 5
450 5
899 28
468 70
459 48
664 42
152 18
400 32
484 79
464 71
542 36
744 75
368 3
881 11
4 15
898 53
482 49
370 37
544 73
140 15
366 43
126 15
85 40
254 1
383 58
28 64
940 34
791 5
8 36
200 5
912 2
939 35
738 54
211 23
12 76
34 19
625 45
882 63
810 56
684 40
436 6
734 23
408 26
526 24
444 55
54 56
34 14
604 77
830 27
580 62
271 72
372 29
723 24
827 7
898 32
325 33
859 30
20 77
366 9
249 51
867 10
665 59
896 20
106 72
176 16
742 74
199 17
531 14
556 67
513 53
827 14
967 45
272 41
975 17
144 61
415 28
874 50
917 50
925 66
814 18
601 32
616 40
574 30
44 47
425 67
152 68
979 52
559 4
704 71
350 15
977 22
636 77
469 49
346 48
459 44
253 13
336 49
779 5
86 74
602 63
38 39
607 64
643 39
205 21
588 35
547 69
5 55
678 25
64 3
145 55
740 8
107 20
17 5
464 76
329 32
49 20
507 39
401 32
15 29
163 68
764 52
629 75
275 5
468 40
474 30
166 54
916 14
212 22
687 37
560 23
802 31
388 57
352 8
711 29
197 0
852 63
479 40
312 75
740 40
84 75
924 50
912 12
43 39
564 28
797 7
611 77
912 41
777 18
500 6
373 11
197 10
842 21
385 42
970 13
261 11
763 22
40 27
548 38
82 66
313 65
201 58
819 55
972 32
532 5
282 58
875 79
929 44
863 65
541 64
631 54
602 11
899 38
861 47
892 63
899 77
765 26
162 58
43 71
201 59
123 69
438 72
366 75
213 5
800 17
412 74
982 27
437 54
39 61
826 77
418 2
270 59
384 65
348 75
795 68
724 18
178 37
111 77
648 66
777 40
694 43
869 1
366 62
344 0
891 52
783 49
258 71
874 1
790 39
834 60
246 45
573 50
479 3
854 64
180 18
254 60
742 10
191 58
779 33
807 28
314 76
988 16
198 70
296 53
757 67
100 7
222 69
685 55
967 2
623 69
78 43
183 57
299 50
60 19
877 36
216 1
328 59
100 73
684 18
30 48
219 52
33 33
207 26
904 17
737 10
782 8
113 72
9 25
875 75
567 24
970 69
870 24
105 29
186 39
814 1
473 63
262 76
926 56
338 25
981 4
42 29
101 1
714 21
84 42
135 21
209 11
26 33
972 47
977 37
718 14
344 6
932 17
132 8
479 38
412 0
572 4
290 0
755 49
964 27
667 28
902 6
887 43
667 52
631 18
430 77
577 62
687 0
617 71
228 57
797 62
879 24
240 9
46 48
327 38
604 52
921 65
155 10
911 66
174 71
862 51
106 5
47 48
912 16
646 67
109 53
393 15
847 75
454 14
30 1
805 54
32 37
917 77
28 38
996 67
482 18
589 21
806 21
820 40
743 67
42 12
486 13
185 66
80 32
588 14
121 29
585 66
299 69
633 72
815 33
263 76
183 45
640 46
483 24
994 70
561 70
735 75
230 51
497 27
999 77
926 10
350 4
467 7
116 54
950 60
960 45
240 6
526 45
748 7
251 19
74 51
404 5
561 26
366 69
60 70
679 56
653 2
909 61
659 11
847 43
659 53
69 64
860 51
414 54
556 27
375 33
968 17
966 72
264 39
76 67
10 12
854 35
865 75
143 38
773 15
514 69
454 66
902 23
464 50
410 10
610 70
282 33
995 48
596 56
491 51
698 70
892 32
911 63
561 76
555 34
831 78
796 67
939 36
374 37
798 43
729 75
363 25
550 11
877 25
300 42
797 79
726 45
654 32
898 14
649 13
802 12
257 63
26 35
620 63
559 4
15 31
245 70
175 23
917 60
743 29
741 21
644 65
812 61
652 36
514 61
940 59
699 37
884 34
195 32
912 9
684 6
673 61
488 43
312 35
275 57
129 28
237 43
399 33
761 49
649 29
117 42
154 67
218 36
951 17
949 23
136 59
136 65
737 59
643 22
947 38
673 61
976 29
764 63
335 7
537 45
811 40
723 16
916 54
485 40
102 4
593 31
518 0
454 67
580 77
553 17
157 10
318 73
632 3
952 17
634 17
260 25
715 62
999 26
758 40
784 20
389 24

0 0
